260.0
260.0
260.0
262.07675
263.294
265.0601
266.2585
269.10037
271.5603
275.0213
277.5473
280.93884
284.91833
288.62012
291.57544
294.6221
297.61624
300.63937
303.6576
305.81863
307.34137
307.83316
308.0
308.0
308.0
307.19016
307.0
305.2241
303.72382
302.25467
300.7555
300.0
298.78275
298.0
296.7819
296.0
294.81314
295.0
295.0
295.0
295.0
295.0
295.0
295.0
295.0
295.0
295.0
295.5621
297.02136
298.0
299.01828
300.47543
302.00333
303.48322
304.95956
306.47003
307.9353
309.43805
310.91168
312.366
314.81427
317.72437
320.75284
322.37317
325.67728
328.7072
331.6319
334.64838
336.80347
339.52325
342.56546
346.75638
351.2853
355.78738
360.17966
364.6941
369.13477
373.55438
378.07385
381.37018
385.5
390.295
396.6097
402.55118
406.1464
413.3358
417.18872
422.18832
427.15683
434.2689
439.31232
445.22174
450.74478
456.02097
460.5
465.93893
470.4319
474.86258
479.33438
483.83304
488.30597
492.71613
498.63474
502.61887
507.1395
511.62866
515.9732
520.48724
524.9385
529.44775
533.9415
538.3257
542.86475
549.095
554.95197
561.0101
566.93365
573.4936
579.7721
587.3272
592.62225
599.27856
605.5408
613.2324
619.53705
626.5377
632.49384
639.4122
646.52216
652.9189
661.3266
669.32025
677.2798
685.7297
694.0692
703.6641
713.0739
723.2655
731.87396
740.6973
749.80304
757.79517
766.6799
775.42017
783.51843
791.1024
799.4422
808.38513
816.22845
823.9405
832.3617
838.47327
847.47565
854.36505
862.207
869.5183
875.12805
881.1018
887.0215
892.93115
898.9996
904.71106
909.8992
914.6512
919.06287
923.5845
928.03394
932.507
937.9862
943.45325
948.5242
954.37305
960.4254
966.4222
970.763
976.2725
980.71204
986.1321
990.5
998.7965
1002.88934
1008.9772
1013.43335
1016.93176
1019.9328
1021.65656
1022.0
1023.36
1023.0
1023.0
1023.0
1023.0
1023.0
1023.0
1023.0
1023.0
1020.7129
1019.6282
1017.71783
1016.624
1014.7316
1013.5925
1009.5034
1007.18585
1004.77966
1002.1562
998.62036
996.14496
991.4323
987.8823
983.51306
981.1404
976.7064
974.1225
970.789
968.1095
965.81854
964.579
964.0
962.56616
963.0
963.0
963.0
963.0
963.0
964.47504
965.0
966.4281
967.9589
969.45575
970.9165
972.4345
973.89624
976.7832
979.7895
982.6814
984.7093
987.70154
990.6491
993.6862
996.6286
1000.93384
1005.34827
1009.83905
1016.125
1021.9326
1029.0103
1036.2449
1045.9573
1056.6055
1066.2152
1076.3073
1086.3672
1098.228
1110.269
1122.2363
1130.6737
1140.7892
1152.8708
1164.7804
1173.588
1182.3811
1189.4979
1198.3533
1207.2173
1215.1829
1222.5
1228.0189
1234.0
1239.8076
1245.9354
1252.8257
1258.8186
1263.826
1268.3162
1271.8704
1276.3203
1278.8472
1281.8851
1284.7301
1287.6709
1290.6942
1293.593
1296.6328
1299.6127
1302.545
1306.8458
1311.2849
1316.9923
1323.7034
1329.7611
1338.3066
1347.2374
1356.1183
1366.0966
1378.9235
1393.5559
1408.2839
1423.0942
1436.1578
1450.0103
1463.2441
1476.5978
1490.6233
1509.6499
1518.5
1529.2856
1544.8802
1554.7632
1569.0
1574.629
1581.9292
1585.1786
1590.4431
1595.9194
1602.8186
1607.2001
1612.262
1616.2749
1620.1038
1625.2689
1628.5386
1632.2618
1635.5498
1639.2932
1643.7518
1648.3312
1652.7578
1657.3561
1660.4454
1663.5138
1666.504
1669.4517
1672.4312
1674.4412
1676.1718
1677.6974
1679.1865
1681.3335
1683.1656
1684.64
1686.1199
1687.6204
1689.0945
1690.6042
1691.0
1692.0
1693.0692
1693.5399
1694.0
1695.0
1695.9999
1696.0
1696.0
1696.0
1697.0
1697.0
1697.0
1697.0
1697.0
1697.0
1697.0
1697.0
1697.8737
1698.0
1698.0
1698.0
1698.0
1698.0
1699.0
1700.2913
1701.0
1702.2504
1702.7559
1703.0
1704.0
1705.2217
1705.0
1706.1958
1706.6127
1707.0
1708.6573
1709.0
1709.6249
1711.1232
1712.0
1713.1016
1713.5952
1714.0
1714.0
1715.4489
1715.4489