216.60876
223.50476
229.48553
235.48465
242.77902
248.35645
254.30643
258.41537
262.9381
267.35745
271.7844
276.28348
280.74643
285.21124
289.68735
294.13037
297.40274
301.40488
304.39062
306.68362
309.33353
310.6564
312.15094
313.0
313.0
312.39584
310.9008
309.41586
307.94724
305.0
302.93387
300.12256
296.9846
294.0
292.02545
289.02673
287.094
284.07602
282.10666
280.58304
278.08118
275.19434
273.23355
271.6175
269.13934
266.2907
264.3347
262.6911
259.3673
257.70764
254.43005
251.4589
248.48923
245.48566
243.51071
241.77692
239.28354
237.81262
235.62085
233.81833
233.0
233.0
233.0
234.11264
236.22232
239.20514
242.76321
247.23358
251.68121
257.20203
263.0
269.08002
276.57043
283.93475
292.94464
301.84528
312.247
322.65854
332.95126
342.45068
351.50177
360.28864
367.9931
377.1864
386.0962
395.11664
405.20923
415.57983
430.018
444.88165
461.0586
476.73163
491.6493
504.02362
516.8966
529.53595
541.71686
554.53845
570.1097
583.9877
596.36566
605.9262
613.6521
619.8886
624.3349
627.2008
630.1943
630.0
631.0605
632.0
633.0343
634.53455
636.0132
637.5
638.9869
640.4724
641.9614
643.4592
644.9283
647.8714
649.7842
652.80365
655.7637
658.74146
662.60583
667.0147
671.5015
677.29236
681.4042
687.18396
693.9797
700.0777
707.81995
714.0127
719.9753
725.8681
733.5734
740.99335
748.45184
755.7503
764.3155
772.84344
782.51697
793.98083
805.2222
815.66064
826.135
836.3539
847.5861
857.21436
865.94946
879.20667
889.5
900.0486
910.4856
919.8019
930.3395
939.4994
948.8157
957.5952
964.9165
973.51575
980.9606
985.57825
990.1173
991.83154
993.3485
993.0
993.0
991.19653
988.42456
985.44495
981.2064
978.52893
974.2749
971.5459
967.3793
964.5978
962.82654
960.32214
958.83203
958.0
958.0
957.0
957.0
957.0
957.0
958.0
959.0553
960.55225
962.03186
963.5194
966.0039
969.0
971.9204
976.4945
981.8264
987.7998
993.70715
999.6985
1005.5797
1013.0563
1018.4717
1025.8608
1033.2943
1041.9294
1051.0228
1059.9363
1070.3458
1079.5933
1093.8545
1106.1642
1120.512
1135.3347
1150.3092
1163.95
1178.2964
1192.8845
1205.9824
1218.3749
1228.4852
1237.7772
1246.776
1255.4626
1264.5825
1273.491
1281.3922
1289.316
1298.2881
1306.1978
1313.6227
1319.9808
1326.0
1330.9497
1335.3267
1339.863
1344.3359
1348.7496
1351.8665
1354.7678
1357.8157
1359.6956
1361.3641
1362.8538
1364.321
1366.8271
1368.3197
1371.5842
1374.5791
1376.5345
1379.5242
1383.2627
1387.6525
1392.1738
1396.6333
1402.7424
1408.7373
1414.695
1420.6294
1426.5437
1432.5227
1440.1274
1448.6494
1456.9801
1464.4089
1471.88
1480.3179
1488.253
1497.1306
1504.5687
1513.0034
1527.8495
1535.8308
1542.7666
1550.1613
1556.6421
1564.0729
1571.3774
1580.2987
1589.2572
1597.0781
1605.2682
1612.9929
1621.0721
1628.2511
1634.925
1641.1505
1646.3109
1657.2301
1661.7039
1666.1525
1669.4154
1673.3604
1676.3602
1678.6693
1680.1421
1681.0
1680.878
1679.3802
1677.7941
1674.832
1671.8486
1668.4283
1664.9005
1661.3923
1657.976
1654.9631
1651.9857
1649.0386
1646.0294
1644.0692
1642.0603
1640.5593
1639.0698
1637.5918
1637.0
1637.0
1637.0
1637.0
1637.0
1637.0
1637.0
1638.3044
1639.7914
1641.2692
1642.7686
1644.2311
1645.741
1647.2301
1648.7057
1650.2173
1651.6864
1654.3354
1655.6677
1657.1426
1658.6361
1660.1371
1661.6122
1663.1111
1664.577
1666.0
1666.5598
1667.0
1667.0
1667.0
1667.0
1667.0
1667.0
1667.0
1667.0
1667.0