311.0
311.0
312.0
314.07675
315.294
317.0601
318.2585
321.10037
323.5603
327.0213
329.5473
333.93884
337.91833
343.2402
349.15088
355.24423
362.54056
371.0984
378.64395
387.0931
396.04813
404.99896
414.01678
423.04062
430.54767
438.85913
446.48105
454.65546
463.657
471.47192
479.22256
487.48636
496.3036
505.28833
514.30865
523.1174
532.12115
540.33655
548.96844
555.20795
562.53156
568.43634
575.4725
581.3364
587.364
593.23083
599.22687
605.24835
611.08545
616.16315
622.0731
627.9017
633.00995
637.44965
642.8787
648.88007
652.80585
657.31415
660.82336
663.732
666.8143
669.72437
672.7528
674.37317
676.67725
678.35364
679.816
681.32416
682.0
683.2616
684.0
684.0
685.0
686.26245
686.0
686.0
686.0
686.0
685.3087
683.81494
682.5
680.9017
679.3476
677.8622
675.9268
672.7761
670.90564
667.9058
664.89545
660.82074
657.8439
653.8337
649.2552
644.9843
642.0
637.0611
634.0454
629.1374
624.6656
620.167
615.69403
611.2839
606.7739
602.3811
596.48065
592.37134
588.0268
582.68365
578.0615
571.7364
565.7446
559.89905
553.84705
546.905
541.04803
533.2374
527.06635
519.5064
512.03485
502.591
496.25333
488.7214
482.45923
474.76758
467.3287
459.82782
453.50616
445.9848
438.47784
432.08112
424.72784
416.67975
408.72018
400.2703
391.9308
383.85934
374.92612
366.20102
359.105
351.7522
345.35757
340.13657
335.16006
330.78992
326.28894
323.15903
319.2231
316.20496
313.25717
311.6119
309.12766
307.63168
306.10486
304.727
304.19824
304.0
304.0
304.0
304.0
304.0
304.0
304.0
305.7248
306.0
307.68762
309.19482
310.67798
312.169
314.32416
317.22662
320.2621
323.18652
326.2127
330.31662
333.17532
337.20438
341.71207
347.13205
353.0
360.7965
364.88934
372.97147
378.9111
385.8635
393.33194
398.9696
409.25848
415.15976
426.5434
430.7501
440.7652
445.77567
457.32706
461.7119
473.14508
477.93048
487.43542
494.23087
505.69284
512.256
524.61005
532.85223
546.73804
556.2567
570.7626
580.3752
597.8981
610.2753
626.70306
638.7256
654.4608
664.4386
678.17426
685.6325
696.7385
706.1167
717.63513
725.5261
734.7047
743.6031
752.7124
760.302
766.80237
774.27673
779.78033
787.37524
793.8805
799.7123
807.79474
815.2789
822.5826
830.1724
838.37726
847.3496
857.2631
867.3849
876.9825
887.45526
897.7718
908.4018
916.88586
925.86774
933.9138
940.1188
947.125
952.9326
960.0102
967.2448
974.54095
980.91736
986.8102
992.747
997.6836
1002.4605
1006.9759
1010.3091
1011.6123
1013.11273
1013.0
1013.0
1010.80396
1007.873
1004.834
1000.82336
995.85516
990.89026
985.0
977.9764
970.5
963.2405
955.5807
947.2092
939.72675
931.29
923.8064
915.32416
907.79944
901.3056
893.78723
887.6746
880.32275
874.6115
867.5176
861.7343
855.7746
849.91003
843.87225
837.19183
829.7596
822.29663
815.04865
805.6934
796.7626
787.88165
777.90344
766.07654
752.5997
739.3444
726.0152
714.4579
702.10205
691.92126
681.53503
671.0637
659.2101
653.0
648.2064
641.3732
637.8388
634.0
633.27423
633.0
633.0
633.0
634.72986
636.45465
639.46674
642.8414
645.51654
648.06915
652.269
656.8078
662.01575
666.8247
673.05756
679.00244
686.66235
694.26306
701.9267
709.1135
716.7845
724.26
731.6291
740.2934
748.3233
755.8585
764.48663
771.93256
780.0004
788.9941
798.8404
807.71906
816.722
825.567
834.6258
843.2936
852.49396
861.41516
870.2395
878.2321
887.6633
898.99927
909.5
918.6775
927.8867
940.60876
951.6069
961.66583
972.079
981.42017
993.32007
1003.14325
1012.3197
1021.24225
1030.094
1038.0105
1045.6342
1052.2368
1059.6108
1065.1431
1071.165
1076.3198
1082.0015
1088.0237
1092.6017
1097.1775
1101.6652
1106.067
1109.3915
1112.2253
1115.3331
1118.3147
1121.2365
1122.6249
1125.2465
1126.5977
1128.1016
1129.5952
1131.0865
1132.5
1132.0
1132.0