191.80438
194.80191
197.74277
200.74232
205.06741
209.51733
213.97981
218.41536
222.93811
228.35745
232.7844
238.04463
243.99525
249.9483
255.91646
261.84048
267.8055
274.80972
281.97656
288.73444
297.00055
305.93832
314.90567
323.74457
332.73282
342.2291
352.69446
363.0889
372.31665
382.5
392.23145
400.6323
411.05392
420.0
429.9236
438.9198
447.718
458.23392
466.68
476.91864
486.43176
495.41696
506.1826
516.6776
527.0246
537.4825
549.6612
561.4712
572.7144
584.3388
597.2798
610.43506
623.043
635.0574
646.95715
658.78467
670.7316
682.49915
695.2062
707.45337
719.2633
731.21783
743.07874
754.90125
766.88934
778.82056
790.70197
801.545
811.3624
820.30304
827.5
835.10004
844.08453
852.9217
861.94464
868.87103
876.3193
882.8049
888.68646
894.6861
899.2509
903.6443
906.79724
910.7288
913.6987
914.8528
916.3156
917.8225
918.0
918.0
916.7219
914.4537
910.2052
904.9882
899.1571
890.6427
880.49774
866.7692
848.5067
828.6858
808.78076
792.802
777.69586
763.3341
749.9953
735.3957
710.1543
676.93256
647.85046
626.3368
609.62286
597.2582
587.9209
577.5
568.09174
555.7483
542.3469
528.8669
515.64526
502.07874
489.86322
476.3837
463.06335
449.66342
435.31387
420.61768
404.82776
388.44595
374.98615
361.33603
347.8366
335.8446
323.8881
313.2278
302.79327
292.4808
281.9972
271.60928
262.8578
254.09966
245.02142
237.29715
229.77357
222.38698
217.19048
212.71686
208.81856
205.8989
205.0
205.0
206.24368
208.02953
211.0
214.01389
218.49384
223.88681
229.90831
237.58278
245.34642
255.52777
265.6831
277.32208
289.13684
300.8754
312.9795
324.65192
336.78802
348.63495
361.72763
374.23114
387.5892
403.77515
418.64536
434.0908
450.65875
466.27036
479.8622
496.712
511.73453
525.1006
538.5117
552.79205
566.2702
577.9522
591.01886
604.44275
616.4069
628.61957
641.49786
654.41815
666.2546
678.67474
693.0195
705.0
716.68176
730.48346
744.56604
759.4994
770.4144
783.82166
796.1593
809.7014
820.0753
829.23303
838.15314
846.92944
855.18567
862.6136
868.9661
872.8475
877.4636
879.2705
880.0
880.0
879.2691
876.5667
871.2016
864.05774
856.0117
846.9689
838.1555
829.22284
818.5947
806.30597
792.62616
779.2635
763.7809
748.36804
731.9718
715.565
698.7056
681.0576
663.0
645.2013
627.69336
610.502
592.6565
576.91785
560.23425
546.16113
530.92175
518.3702
503.35837
488.46298
473.78983
459.72836
446.12308
431.8709
418.394
405.0945
391.64117
379.2119
367.25998
354.20297
341.1001
327.82947
314.34094
299.93646
286.58386
274.5485
264.08527
253.62166
244.35057
236.01994
228.59102
222.69595
216.78812
211.83127
206.92165
202.45874
197.99866
193.0301
191.54231
191.0
191.0
191.0
192.41457
193.87549
196.76625
199.7524
203.0391
207.5609
212.32863
217.44331
222.93831
228.14008
233.15054
239.08127
254.46025
263.40778
271.3049
280.24625
292.4416
305.62128
317.35458
329.1372
342.75995
355.97604
367.95764
380.13266
396.42383
410.7571
425.23892
442.59662
458.359
473.12045
488.18427
504.07864
516.8457
529.8677
544.1883
557.4571
570.5249
583.3711
596.674
610.12103
622.11774
634.0553
645.89343
657.709
668.4081
676.93915
685.827
695.74835
704.6147
712.843
718.92426
724.96405
730.92035
736.82294
742.86914
748.7457
753.5032
758.0033
762.42755
765.2723
768.2741
769.6121
771.11115
772.577
774.0716
775.5599
777.0419
778.53687
780.0234
781.50714
783.0061
784.48175
785.48364
786.0
786.0